Distance (mm)	Counts
0.0	99.0
0.2	107.0
0.4	107.0
0.6	85.0
0.8	98.0
1.0	109.0
1.2	109.0
1.4	128.0
1.6	119.0
1.8	115.0
2.0	119.0
2.2	124.0
2.4	142.0
2.6	135.0
2.8	139.0
3.0	161.0
3.2	204.0
3.4	253.0
3.6	306.0
3.8	371.0
4.0	419.0
4.2	467.0
4.4	526.0
4.6	490.0
4.8	418.0
5.0	379.0
5.2	351.0
5.4	252.0
5.6	216.0
5.8	192.0
6.0	179.0
6.2	180.0
6.4	156.0
6.6	168.0
6.8	178.0
7.0	164.0
7.2	160.0
7.4	163.0
7.6	171.0
7.8	170.0
8.0	176.0
8.2	158.0
8.4	157.0
8.6	145.0
8.8	147.0
9.0	185.0
9.2	180.0
9.4	159.0
9.6	163.0
9.8	178.0
10.0	156.0
10.2	191.0
10.4	201.0
10.6	264.0
10.8	330.0
11.0	366.0
11.2	424.0
11.4	454.0
11.6	447.0
11.8	500.0
12.0	482.0
12.2	433.0
12.4	379.0
12.6	275.0
12.8	240.0
13.0	175.0
13.2	153.0
13.4	145.0
13.6	156.0
13.8	133.0
14.0	115.0
14.2	127.0
14.4	116.0
14.6	115.0
14.8	109.0
15.0	120.0
