Distance (mm)	Counts
0.0	128.0
0.2	109.0
0.4	111.0
0.6	137.0
0.8	130.0
1.0	139.0
1.2	106.0
1.4	137.0
1.6	145.0
1.8	139.0
2.0	154.0
2.2	144.0
2.4	132.0
2.6	156.0
2.8	152.0
3.0	175.0
3.2	149.0
3.4	178.0
3.6	176.0
3.8	215.0
4.0	265.0
4.2	323.0
4.4	355.0
4.6	416.0
4.8	457.0
5.0	486.0
5.2	501.0
5.4	564.0
5.6	475.0
5.8	442.0
6.0	399.0
6.2	312.0
6.4	274.0
6.6	244.0
6.8	242.0
7.0	211.0
7.2	245.0
7.4	263.0
7.6	328.0
7.8	393.0
8.0	439.0
8.2	511.0
8.4	543.0
8.6	536.0
8.8	489.0
9.0	458.0
9.2	401.0
9.4	322.0
9.6	276.0
9.8	214.0
10.0	195.0
10.2	182.0
10.4	173.0
10.6	185.0
10.8	188.0
11.0	154.0
11.2	167.0
11.4	152.0
11.6	144.0
11.8	148.0
12.0	136.0
12.2	134.0
12.4	136.0
12.6	117.0
12.8	120.0
13.0	108.0
13.2	115.0
13.4	125.0
13.6	122.0
13.8	127.0
14.0	93.0
14.2	115.0
14.4	103.0
14.6	97.0
14.8	92.0
15.0	87.0
