Distance (mm)	Counts
0.0	107.0
0.2	95.0
0.4	110.0
0.6	128.0
0.8	122.0
1.0	129.0
1.2	152.0
1.4	204.0
1.6	248.0
1.8	323.0
2.0	379.0
2.2	395.0
2.4	452.0
2.6	402.0
2.8	385.0
3.0	321.0
3.2	285.0
3.4	215.0
3.6	178.0
3.8	150.0
4.0	131.0
4.2	136.0
4.4	129.0
4.6	123.0
4.8	116.0
5.0	130.0
5.2	139.0
5.4	123.0
5.6	130.0
5.8	115.0
6.0	135.0
6.2	126.0
6.4	121.0
6.6	122.0
6.8	115.0
7.0	119.0
7.2	127.0
7.4	140.0
7.6	134.0
7.8	125.0
8.0	125.0
8.2	128.0
8.4	113.0
8.6	105.0
8.8	119.0
9.0	118.0
9.2	116.0
9.4	138.0
9.6	115.0
9.8	102.0
10.0	136.0
10.2	141.0
10.4	126.0
10.6	132.0
10.8	139.0
11.0	145.0
11.2	133.0
11.4	142.0
11.6	162.0
11.8	199.0
12.0	272.0
12.2	280.0
12.4	338.0
12.6	405.0
12.8	455.0
13.0	409.0
13.2	413.0
13.4	373.0
13.6	313.0
13.8	259.0
14.0	188.0
14.2	153.0
14.4	143.0
14.6	114.0
14.8	117.0
15.0	120.0
