Distance (mm)	Counts
0.0	112.0
0.2	107.0
0.4	128.0
0.6	146.0
0.8	143.0
1.0	137.0
1.2	164.0
1.4	162.0
1.6	179.0
1.8	227.0
2.0	273.0
2.2	346.0
2.4	435.0
2.6	455.0
2.8	498.0
3.0	497.0
3.2	414.0
3.4	390.0
3.6	310.0
3.8	244.0
4.0	216.0
4.2	193.0
4.4	162.0
4.6	173.0
4.8	171.0
5.0	182.0
5.2	153.0
5.4	170.0
5.6	146.0
5.8	152.0
6.0	133.0
6.2	159.0
6.4	125.0
6.6	155.0
6.8	153.0
7.0	154.0
7.2	153.0
7.4	138.0
7.6	153.0
7.8	152.0
8.0	158.0
8.2	162.0
8.4	169.0
8.6	150.0
8.8	153.0
9.0	166.0
9.2	151.0
9.4	154.0
9.6	163.0
9.8	187.0
10.0	187.0
10.2	202.0
10.4	260.0
10.6	288.0
10.8	402.0
11.0	459.0
11.2	457.0
11.4	463.0
11.6	473.0
11.8	407.0
12.0	317.0
12.2	284.0
12.4	227.0
12.6	172.0
12.8	165.0
13.0	128.0
13.2	136.0
13.4	122.0
13.6	102.0
13.8	118.0
14.0	147.0
14.2	119.0
14.4	123.0
14.6	105.0
14.8	127.0
15.0	100.0
