Distance (mm)	Counts
0.0	78.0
0.2	86.0
0.4	94.0
0.6	78.0
0.8	90.0
1.0	100.0
1.2	101.0
1.4	97.0
1.6	105.0
1.8	102.0
2.0	115.0
2.2	112.0
2.4	133.0
2.6	123.0
2.8	118.0
3.0	109.0
3.2	116.0
3.4	147.0
3.6	150.0
3.8	150.0
4.0	143.0
4.2	154.0
4.4	156.0
4.6	187.0
4.8	156.0
5.0	165.0
5.2	192.0
5.4	177.0
5.6	184.0
5.8	204.0
6.0	194.0
6.2	198.0
6.4	249.0
6.6	295.0
6.8	311.0
7.0	418.0
7.2	459.0
7.4	543.0
7.6	580.0
7.8	659.0
8.0	722.0
8.2	782.0
8.4	737.0
8.6	679.0
8.8	656.0
9.0	554.0
9.2	492.0
9.4	421.0
9.6	413.0
9.8	281.0
10.0	272.0
10.2	244.0
10.4	232.0
10.6	201.0
10.8	206.0
11.0	170.0
11.2	194.0
11.4	164.0
11.6	171.0
11.8	170.0
12.0	166.0
12.2	152.0
12.4	166.0
12.6	169.0
12.8	135.0
13.0	139.0
13.2	135.0
13.4	157.0
13.6	139.0
13.8	129.0
14.0	128.0
14.2	129.0
14.4	106.0
14.6	136.0
14.8	126.0
15.0	108.0
