Distance (mm)	Counts
0.0	142.0
0.2	110.0
0.4	128.0
0.6	128.0
0.8	108.0
1.0	136.0
1.2	122.0
1.4	143.0
1.6	134.0
1.8	145.0
2.0	148.0
2.2	157.0
2.4	138.0
2.6	151.0
2.8	153.0
3.0	177.0
3.2	188.0
3.4	197.0
3.6	256.0
3.8	309.0
4.0	327.0
4.2	424.0
4.4	496.0
4.6	506.0
4.8	572.0
5.0	485.0
5.2	479.0
5.4	407.0
5.6	323.0
5.8	302.0
6.0	237.0
6.2	223.0
6.4	200.0
6.6	207.0
6.8	207.0
7.0	216.0
7.2	183.0
7.4	208.0
7.6	233.0
7.8	250.0
8.0	285.0
8.2	328.0
8.4	390.0
8.6	487.0
8.8	499.0
9.0	535.0
9.2	491.0
9.4	453.0
9.6	406.0
9.8	361.0
10.0	273.0
10.2	221.0
10.4	196.0
10.6	191.0
10.8	169.0
11.0	181.0
11.2	178.0
11.4	148.0
11.6	135.0
11.8	153.0
12.0	143.0
12.2	129.0
12.4	129.0
12.6	118.0
12.8	119.0
13.0	128.0
13.2	135.0
13.4	130.0
13.6	104.0
13.8	108.0
14.0	92.0
14.2	131.0
14.4	94.0
14.6	99.0
14.8	114.0
15.0	76.0
