Distance (mm)	Counts
0.0	103.0
0.2	126.0
0.4	115.0
0.6	119.0
0.8	137.0
1.0	133.0
1.2	133.0
1.4	145.0
1.6	145.0
1.8	125.0
2.0	175.0
2.2	175.0
2.4	248.0
2.6	306.0
2.8	359.0
3.0	415.0
3.2	443.0
3.4	484.0
3.6	472.0
3.8	473.0
4.0	395.0
4.2	331.0
4.4	273.0
4.6	204.0
4.8	179.0
5.0	174.0
5.2	182.0
5.4	171.0
5.6	155.0
5.8	152.0
6.0	175.0
6.2	148.0
6.4	188.0
6.6	162.0
6.8	179.0
7.0	183.0
7.2	148.0
7.4	161.0
7.6	192.0
7.8	182.0
8.0	172.0
8.2	173.0
8.4	201.0
8.6	190.0
8.8	169.0
9.0	163.0
9.2	219.0
9.4	234.0
9.6	265.0
9.8	331.0
10.0	382.0
10.2	478.0
10.4	501.0
10.6	505.0
10.8	430.0
11.0	422.0
11.2	389.0
11.4	271.0
11.6	239.0
11.8	195.0
12.0	174.0
12.2	154.0
12.4	133.0
12.6	128.0
12.8	165.0
13.0	145.0
13.2	127.0
13.4	116.0
13.6	124.0
13.8	130.0
14.0	135.0
14.2	116.0
14.4	128.0
14.6	107.0
14.8	120.0
15.0	109.0
