Distance (mm)	Counts
0.0	83.0
0.2	91.0
0.4	76.0
0.6	105.0
0.8	101.0
1.0	104.0
1.2	115.0
1.4	103.0
1.6	108.0
1.8	124.0
2.0	128.0
2.2	117.0
2.4	130.0
2.6	111.0
2.8	160.0
3.0	136.0
3.2	140.0
3.4	160.0
3.6	156.0
3.8	149.0
4.0	130.0
4.2	147.0
4.4	156.0
4.6	159.0
4.8	182.0
5.0	156.0
5.2	180.0
5.4	185.0
5.6	195.0
5.8	215.0
6.0	173.0
6.2	200.0
6.4	197.0
6.6	246.0
6.8	288.0
7.0	325.0
7.2	411.0
7.4	485.0
7.6	670.0
7.8	773.0
8.0	803.0
8.2	856.0
8.4	856.0
8.6	772.0
8.8	710.0
9.0	583.0
9.2	466.0
9.4	355.0
9.6	325.0
9.8	236.0
10.0	221.0
10.2	198.0
10.4	213.0
10.6	207.0
10.8	201.0
11.0	188.0
11.2	182.0
11.4	171.0
11.6	169.0
11.8	183.0
12.0	147.0
12.2	163.0
12.4	163.0
12.6	156.0
12.8	176.0
13.0	156.0
13.2	136.0
13.4	143.0
13.6	139.0
13.8	143.0
14.0	117.0
14.2	115.0
14.4	119.0
14.6	106.0
14.8	88.0
15.0	117.0
