Distance (mm)	Counts
0.0	97.0
0.2	105.0
0.4	93.0
0.6	104.0
0.8	131.0
1.0	165.0
1.2	183.0
1.4	249.0
1.6	304.0
1.8	360.0
2.0	376.0
2.2	393.0
2.4	392.0
2.6	307.0
2.8	307.0
3.0	234.0
3.2	178.0
3.4	148.0
3.6	146.0
3.8	122.0
4.0	109.0
4.2	120.0
4.4	120.0
4.6	115.0
4.8	134.0
5.0	111.0
5.2	108.0
5.4	99.0
5.6	116.0
5.8	122.0
6.0	85.0
6.2	111.0
6.4	121.0
6.6	116.0
6.8	112.0
7.0	118.0
7.2	114.0
7.4	98.0
7.6	121.0
7.8	115.0
8.0	100.0
8.2	97.0
8.4	120.0
8.6	105.0
8.8	109.0
9.0	124.0
9.2	100.0
9.4	117.0
9.6	121.0
9.8	117.0
10.0	102.0
10.2	103.0
10.4	102.0
10.6	121.0
10.8	113.0
11.0	122.0
11.2	146.0
11.4	145.0
11.6	161.0
11.8	161.0
12.0	233.0
12.2	257.0
12.4	350.0
12.6	356.0
12.8	363.0
13.0	360.0
13.2	373.0
13.4	301.0
13.6	245.0
13.8	234.0
14.0	175.0
14.2	134.0
14.4	119.0
14.6	122.0
14.8	92.0
15.0	103.0
