Distance (mm)	Counts
0.0	85.0
0.2	110.0
0.4	104.0
0.6	103.0
0.8	112.0
1.0	99.0
1.2	118.0
1.4	111.0
1.6	104.0
1.8	127.0
2.0	133.0
2.2	124.0
2.4	122.0
2.6	138.0
2.8	140.0
3.0	139.0
3.2	157.0
3.4	159.0
3.6	195.0
3.8	258.0
4.0	312.0
4.2	336.0
4.4	418.0
4.6	479.0
4.8	455.0
5.0	477.0
5.2	411.0
5.4	374.0
5.6	366.0
5.8	231.0
6.0	217.0
6.2	204.0
6.4	208.0
6.6	177.0
6.8	178.0
7.0	167.0
7.2	184.0
7.4	161.0
7.6	183.0
7.8	197.0
8.0	169.0
8.2	172.0
8.4	193.0
8.6	152.0
8.8	172.0
9.0	180.0
9.2	160.0
9.4	179.0
9.6	158.0
9.8	181.0
10.0	214.0
10.2	252.0
10.4	302.0
10.6	336.0
10.8	424.0
11.0	452.0
11.2	505.0
11.4	557.0
11.6	491.0
11.8	395.0
12.0	374.0
12.2	313.0
12.4	282.0
12.6	193.0
12.8	167.0
13.0	168.0
13.2	137.0
13.4	138.0
13.6	142.0
13.8	140.0
14.0	128.0
14.2	131.0
14.4	119.0
14.6	132.0
14.8	125.0
15.0	116.0
