Distance (mm)	Counts
0.0	80.0
0.2	85.0
0.4	105.0
0.6	95.0
0.8	102.0
1.0	87.0
1.2	96.0
1.4	114.0
1.6	104.0
1.8	101.0
2.0	113.0
2.2	121.0
2.4	126.0
2.6	141.0
2.8	101.0
3.0	142.0
3.2	153.0
3.4	137.0
3.6	144.0
3.8	157.0
4.0	148.0
4.2	154.0
4.4	186.0
4.6	169.0
4.8	166.0
5.0	183.0
5.2	175.0
5.4	225.0
5.6	222.0
5.8	284.0
6.0	298.0
6.2	371.0
6.4	468.0
6.6	480.0
6.8	552.0
7.0	508.0
7.2	503.0
7.4	463.0
7.6	417.0
7.8	348.0
8.0	323.0
8.2	318.0
8.4	273.0
8.6	352.0
8.8	408.0
9.0	465.0
9.2	452.0
9.4	515.0
9.6	544.0
9.8	497.0
10.0	476.0
10.2	463.0
10.4	360.0
10.6	304.0
10.8	229.0
11.0	232.0
11.2	208.0
11.4	179.0
11.6	170.0
11.8	172.0
12.0	176.0
12.2	154.0
12.4	158.0
12.6	170.0
12.8	131.0
13.0	166.0
13.2	145.0
13.4	144.0
13.6	130.0
13.8	147.0
14.0	140.0
14.2	116.0
14.4	129.0
14.6	128.0
14.8	122.0
15.0	101.0
