Distance (mm)	Counts
0.0	92.0
0.2	87.0
0.4	75.0
0.6	110.0
0.8	110.0
1.0	108.0
1.2	115.0
1.4	107.0
1.6	129.0
1.8	125.0
2.0	118.0
2.2	128.0
2.4	124.0
2.6	125.0
2.8	131.0
3.0	127.0
3.2	131.0
3.4	149.0
3.6	172.0
3.8	150.0
4.0	158.0
4.2	122.0
4.4	176.0
4.6	171.0
4.8	186.0
5.0	195.0
5.2	246.0
5.4	308.0
5.6	339.0
5.8	364.0
6.0	458.0
6.2	515.0
6.4	488.0
6.6	514.0
6.8	483.0
7.0	451.0
7.2	337.0
7.4	301.0
7.6	238.0
7.8	265.0
8.0	205.0
8.2	205.0
8.4	213.0
8.6	212.0
8.8	245.0
9.0	309.0
9.2	374.0
9.4	450.0
9.6	495.0
9.8	536.0
10.0	512.0
10.2	477.0
10.4	465.0
10.6	462.0
10.8	353.0
11.0	277.0
11.2	229.0
11.4	208.0
11.6	197.0
11.8	163.0
12.0	181.0
12.2	174.0
12.4	165.0
12.6	154.0
12.8	136.0
13.0	136.0
13.2	160.0
13.4	164.0
13.6	146.0
13.8	125.0
14.0	132.0
14.2	117.0
14.4	135.0
14.6	117.0
14.8	117.0
15.0	108.0
