Distance (mm)	Counts
0.0	94.0
0.2	78.0
0.4	85.0
0.6	103.0
0.8	89.0
1.0	82.0
1.2	108.0
1.4	108.0
1.6	116.0
1.8	108.0
2.0	99.0
2.2	125.0
2.4	131.0
2.6	125.0
2.8	123.0
3.0	169.0
3.2	133.0
3.4	141.0
3.6	150.0
3.8	137.0
4.0	150.0
4.2	154.0
4.4	156.0
4.6	177.0
4.8	154.0
5.0	172.0
5.2	157.0
5.4	166.0
5.6	200.0
5.8	190.0
6.0	221.0
6.2	239.0
6.4	288.0
6.6	375.0
6.8	415.0
7.0	523.0
7.2	510.0
7.4	531.0
7.6	589.0
7.8	534.0
8.0	570.0
8.2	569.0
8.4	513.0
8.6	561.0
8.8	576.0
9.0	564.0
9.2	538.0
9.4	498.0
9.6	427.0
9.8	364.0
10.0	319.0
10.2	278.0
10.4	215.0
10.6	184.0
10.8	224.0
11.0	209.0
11.2	197.0
11.4	167.0
11.6	197.0
11.8	164.0
12.0	156.0
12.2	148.0
12.4	144.0
12.6	143.0
12.8	150.0
13.0	157.0
13.2	145.0
13.4	152.0
13.6	135.0
13.8	144.0
14.0	148.0
14.2	113.0
14.4	116.0
14.6	112.0
14.8	129.0
15.0	99.0
