Distance (mm)	Counts
0.0	78.0
0.2	82.0
0.4	96.0
0.6	81.0
0.8	103.0
1.0	107.0
1.2	126.0
1.4	99.0
1.6	111.0
1.8	132.0
2.0	137.0
2.2	131.0
2.4	127.0
2.6	116.0
2.8	131.0
3.0	144.0
3.2	134.0
3.4	150.0
3.6	120.0
3.8	149.0
4.0	165.0
4.2	151.0
4.4	159.0
4.6	143.0
4.8	177.0
5.0	201.0
5.2	198.0
5.4	175.0
5.6	206.0
5.8	224.0
6.0	226.0
6.2	257.0
6.4	353.0
6.6	386.0
6.8	483.0
7.0	519.0
7.2	511.0
7.4	561.0
7.6	494.0
7.8	458.0
8.0	472.0
8.2	454.0
8.4	427.0
8.6	455.0
8.8	535.0
9.0	532.0
9.2	549.0
9.4	551.0
9.6	498.0
9.8	450.0
10.0	375.0
10.2	319.0
10.4	243.0
10.6	220.0
10.8	208.0
11.0	189.0
11.2	217.0
11.4	193.0
11.6	166.0
11.8	197.0
12.0	162.0
12.2	160.0
12.4	172.0
12.6	170.0
12.8	141.0
13.0	155.0
13.2	148.0
13.4	135.0
13.6	152.0
13.8	150.0
14.0	155.0
14.2	134.0
14.4	114.0
14.6	130.0
14.8	108.0
15.0	119.0
