Distance (mm)	Counts
0.0	2.0
0.2	2.0
0.4	12.0
0.6	5.0
0.8	7.0
1.0	9.0
1.2	7.0
1.4	19.0
1.6	7.0
1.8	12.0
2.0	12.0
2.2	7.0
2.4	8.0
2.6	16.0
2.8	13.0
3.0	23.0
3.2	15.0
3.4	28.0
3.6	43.0
3.8	31.0
4.0	31.0
4.2	43.0
4.4	78.0
4.6	66.0
4.8	94.0
5.0	109.0
5.2	126.0
5.4	189.0
5.6	205.0
5.8	202.0
6.0	243.0
6.2	244.0
6.4	252.0
6.6	249.0
6.8	245.0
7.0	199.0
7.2	208.0
7.4	215.0
7.6	118.0
7.8	110.0
8.0	66.0
8.2	64.0
8.4	49.0
8.6	49.0
8.8	33.0
9.0	28.0
9.2	30.0
9.4	32.0
9.6	26.0
9.8	24.0
10.0	16.0
10.2	18.0
10.4	21.0
10.6	12.0
10.8	12.0
11.0	19.0
11.2	17.0
11.4	13.0
11.6	6.0
11.8	10.0
12.0	7.0
12.2	9.0
12.4	8.0
12.6	8.0
12.8	7.0
13.0	9.0
13.2	10.0
13.4	6.0
13.6	12.0
13.8	8.0
14.0	5.0
14.2	5.0
14.4	7.0
14.6	5.0
14.8	4.0
15.0	6.0
15.2	4.0
15.4	4.0
15.6	6.0
15.8	4.0
16.0	4.0
