Distance (mm)	Counts
0.0	16.0
0.2	18.0
0.4	22.0
0.6	31.0
0.8	37.0
1.0	39.0
1.2	54.0
1.4	116.0
1.6	104.0
1.8	123.0
2.0	172.0
2.2	126.0
2.4	159.0
2.6	97.0
2.8	60.0
3.0	65.0
3.2	50.0
3.4	30.0
3.6	35.0
3.8	19.0
4.0	28.0
4.2	17.0
4.4	15.0
4.6	18.0
4.8	6.0
5.0	13.0
5.2	13.0
5.4	12.0
5.6	5.0
5.8	9.0
6.0	8.0
6.2	6.0
6.4	6.0
6.6	10.0
6.8	7.0
7.0	8.0
7.2	9.0
7.4	2.0
7.6	4.0
7.8	9.0
8.0	13.0
8.2	13.0
8.4	3.0
8.6	8.0
8.8	9.0
9.0	8.0
9.2	20.0
9.4	13.0
9.6	13.0
9.8	14.0
10.0	6.0
10.2	16.0
10.4	23.0
10.6	29.0
10.8	28.0
11.0	49.0
11.2	68.0
11.4	109.0
11.6	119.0
11.8	108.0
12.0	117.0
12.2	123.0
12.4	100.0
12.6	86.0
12.8	61.0
13.0	39.0
13.2	38.0
13.4	29.0
13.6	37.0
13.8	27.0
14.0	26.0
14.2	16.0
14.4	24.0
14.6	20.0
14.8	9.0
15.0	11.0
15.2	8.0
15.4	17.0
15.6	7.0
15.8	3.0
16.0	6.0
