Distance (mm)	Counts
0.0	9.0
0.2	9.0
0.4	4.0
0.6	9.0
0.8	11.0
1.0	9.0
1.2	10.0
1.4	11.0
1.6	14.0
1.8	18.0
2.0	13.0
2.2	18.0
2.4	29.0
2.6	30.0
2.8	59.0
3.0	85.0
3.2	150.0
3.4	241.0
3.6	349.0
3.8	411.0
4.0	510.0
4.2	547.0
4.4	575.0
4.6	480.0
4.8	408.0
5.0	297.0
5.2	232.0
5.4	118.0
5.6	84.0
5.8	46.0
6.0	51.0
6.2	28.0
6.4	28.0
6.6	21.0
6.8	18.0
7.0	16.0
7.2	20.0
7.4	27.0
7.6	24.0
7.8	26.0
8.0	37.0
8.2	66.0
8.4	98.0
8.6	223.0
8.8	289.0
9.0	421.0
9.2	569.0
9.4	529.0
9.6	621.0
9.8	580.0
10.0	454.0
10.2	335.0
10.4	233.0
10.6	109.0
10.8	53.0
11.0	39.0
11.2	17.0
11.4	15.0
11.6	12.0
11.8	16.0
12.0	10.0
12.2	14.0
12.4	11.0
12.6	8.0
12.8	7.0
13.0	12.0
13.2	10.0
13.4	12.0
13.6	7.0
13.8	9.0
14.0	15.0
14.2	7.0
14.4	7.0
14.6	5.0
14.8	12.0
15.0	8.0
