Distance (mm)	Counts
0.0	28.0
0.2	38.0
0.4	77.0
0.6	133.0
0.8	213.0
1.0	295.0
1.2	453.0
1.4	489.0
1.6	514.0
1.8	509.0
2.0	471.0
2.2	399.0
2.4	233.0
2.6	143.0
2.8	75.0
3.0	62.0
3.2	41.0
3.4	16.0
3.6	17.0
3.8	16.0
4.0	13.0
4.2	16.0
4.4	16.0
4.6	15.0
4.8	7.0
5.0	5.0
5.2	7.0
5.4	17.0
5.6	11.0
5.8	7.0
6.0	10.0
6.2	13.0
6.4	8.0
6.6	9.0
6.8	8.0
7.0	13.0
7.2	7.0
7.4	7.0
7.6	8.0
7.8	12.0
8.0	11.0
8.2	8.0
8.4	9.0
8.6	10.0
8.8	6.0
9.0	8.0
9.2	24.0
9.4	18.0
9.6	33.0
9.8	31.0
10.0	39.0
10.2	87.0
10.4	142.0
10.6	242.0
10.8	344.0
11.0	432.0
11.2	552.0
11.4	559.0
11.6	524.0
11.8	426.0
12.0	339.0
12.2	215.0
12.4	130.0
12.6	57.0
12.8	33.0
13.0	34.0
13.2	19.0
13.4	15.0
13.6	12.0
13.8	17.0
14.0	16.0
14.2	14.0
14.4	14.0
14.6	7.0
14.8	8.0
15.0	10.0
