Distance (mm)	Counts
0.0	15.0
0.2	11.0
0.4	8.0
0.6	13.0
0.8	11.0
1.0	21.0
1.2	26.0
1.4	19.0
1.6	33.0
1.8	30.0
2.0	69.0
2.2	114.0
2.4	180.0
2.6	301.0
2.8	394.0
3.0	466.0
3.2	518.0
3.4	555.0
3.6	506.0
3.8	453.0
4.0	316.0
4.2	271.0
4.4	157.0
4.6	92.0
4.8	53.0
5.0	37.0
5.2	17.0
5.4	21.0
5.6	22.0
5.8	22.0
6.0	17.0
6.2	14.0
6.4	20.0
6.6	15.0
6.8	17.0
7.0	10.0
7.2	9.0
7.4	16.0
7.6	11.0
7.8	18.0
8.0	22.0
8.2	21.0
8.4	20.0
8.6	47.0
8.8	39.0
9.0	51.0
9.2	121.0
9.4	226.0
9.6	341.0
9.8	464.0
10.0	571.0
10.2	582.0
10.4	581.0
10.6	509.0
10.8	413.0
11.0	305.0
11.2	184.0
11.4	87.0
11.6	50.0
11.8	30.0
12.0	22.0
12.2	22.0
12.4	11.0
12.6	20.0
12.8	16.0
13.0	11.0
13.2	10.0
13.4	10.0
13.6	10.0
13.8	8.0
14.0	11.0
14.2	10.0
14.4	6.0
14.6	8.0
14.8	12.0
15.0	8.0
