Distance (mm)	Counts
0.0	7.0
0.2	4.0
0.4	10.0
0.6	8.0
0.8	8.0
1.0	12.0
1.2	5.0
1.4	11.0
1.6	14.0
1.8	10.0
2.0	12.0
2.2	17.0
2.4	15.0
2.6	13.0
2.8	34.0
3.0	28.0
3.2	46.0
3.4	74.0
3.6	147.0
3.8	209.0
4.0	300.0
4.2	399.0
4.4	491.0
4.6	530.0
4.8	522.0
5.0	559.0
5.2	461.0
5.4	366.0
5.6	223.0
5.8	163.0
6.0	106.0
6.2	77.0
6.4	43.0
6.6	50.0
6.8	35.0
7.0	30.0
7.2	27.0
7.4	26.0
7.6	50.0
7.8	72.0
8.0	102.0
8.2	210.0
8.4	308.0
8.6	482.0
8.8	570.0
9.0	654.0
9.2	616.0
9.4	577.0
9.6	462.0
9.8	357.0
10.0	224.0
10.2	127.0
10.4	60.0
10.6	30.0
10.8	29.0
11.0	21.0
11.2	20.0
11.4	15.0
11.6	19.0
11.8	15.0
12.0	12.0
12.2	17.0
12.4	18.0
12.6	5.0
12.8	10.0
13.0	12.0
13.2	5.0
13.4	7.0
13.6	12.0
13.8	7.0
14.0	6.0
14.2	8.0
14.4	7.0
14.6	6.0
14.8	2.0
15.0	6.0
