Distance (mm)	Counts
0.0	11.0
0.2	15.0
0.4	14.0
0.6	28.0
0.8	33.0
1.0	58.0
1.2	91.0
1.4	191.0
1.6	223.0
1.8	353.0
2.0	468.0
2.2	578.0
2.4	595.0
2.6	556.0
2.8	551.0
3.0	414.0
3.2	336.0
3.4	202.0
3.6	127.0
3.8	88.0
4.0	50.0
4.2	24.0
4.4	28.0
4.6	26.0
4.8	27.0
5.0	21.0
5.2	22.0
5.4	19.0
5.6	10.0
5.8	28.0
6.0	26.0
6.2	31.0
6.4	23.0
6.6	49.0
6.8	65.0
7.0	118.0
7.2	206.0
7.4	291.0
7.6	388.0
7.8	532.0
8.0	555.0
8.2	566.0
8.4	569.0
8.6	461.0
8.8	318.0
9.0	206.0
9.2	114.0
9.4	60.0
9.6	44.0
9.8	27.0
10.0	18.0
10.2	17.0
10.4	9.0
10.6	13.0
10.8	14.0
11.0	20.0
11.2	13.0
11.4	8.0
11.6	16.0
11.8	7.0
12.0	8.0
12.2	8.0
12.4	9.0
12.6	6.0
12.8	10.0
13.0	13.0
13.2	6.0
13.4	15.0
13.6	6.0
13.8	8.0
14.0	6.0
14.2	8.0
14.4	5.0
14.6	6.0
14.8	2.0
15.0	8.0
