Distance (mm)	Counts
0.0	6.0
0.2	9.0
0.4	7.0
0.6	6.0
0.8	7.0
1.0	8.0
1.2	7.0
1.4	13.0
1.6	18.0
1.8	9.0
2.0	15.0
2.2	12.0
2.4	14.0
2.6	15.0
2.8	26.0
3.0	20.0
3.2	25.0
3.4	57.0
3.6	106.0
3.8	137.0
4.0	217.0
4.2	299.0
4.4	457.0
4.6	472.0
4.8	497.0
5.0	543.0
5.2	543.0
5.4	450.0
5.6	343.0
5.8	212.0
6.0	155.0
6.2	107.0
6.4	72.0
6.6	41.0
6.8	43.0
7.0	31.0
7.2	34.0
7.4	56.0
7.6	60.0
7.8	103.0
8.0	177.0
8.2	322.0
8.4	425.0
8.6	547.0
8.8	591.0
9.0	612.0
9.2	577.0
9.4	492.0
9.6	363.0
9.8	228.0
10.0	132.0
10.2	74.0
10.4	42.0
10.6	29.0
10.8	26.0
11.0	23.0
11.2	19.0
11.4	12.0
11.6	19.0
11.8	14.0
12.0	18.0
12.2	9.0
12.4	10.0
12.6	13.0
12.8	7.0
13.0	8.0
13.2	10.0
13.4	7.0
13.6	13.0
13.8	6.0
14.0	11.0
14.2	11.0
14.4	6.0
14.6	12.0
14.8	9.0
15.0	6.0
