Distance (mm)	Counts
0.0	11.0
0.2	7.0
0.4	12.0
0.6	21.0
0.8	29.0
1.0	22.0
1.2	23.0
1.4	30.0
1.6	38.0
1.8	48.0
2.0	59.0
2.2	115.0
2.4	184.0
2.6	253.0
2.8	356.0
3.0	468.0
3.2	533.0
3.4	575.0
3.6	607.0
3.8	487.0
4.0	410.0
4.2	343.0
4.4	234.0
4.6	114.0
4.8	75.0
5.0	56.0
5.2	55.0
5.4	59.0
5.6	72.0
5.8	100.0
6.0	168.0
6.2	299.0
6.4	396.0
6.6	474.0
6.8	567.0
7.0	621.0
7.2	566.0
7.4	518.0
7.6	368.0
7.8	254.0
8.0	150.0
8.2	86.0
8.4	50.0
8.6	25.0
8.8	29.0
9.0	18.0
9.2	25.0
9.4	29.0
9.6	19.0
9.8	16.0
10.0	18.0
10.2	13.0
10.4	9.0
10.6	13.0
10.8	10.0
11.0	11.0
11.2	6.0
11.4	9.0
11.6	6.0
11.8	12.0
12.0	10.0
12.2	4.0
12.4	10.0
12.6	8.0
12.8	5.0
13.0	6.0
13.2	2.0
13.4	9.0
13.6	5.0
13.8	11.0
14.0	6.0
14.2	4.0
14.4	9.0
14.6	5.0
14.8	11.0
15.0	1.0
