Distance (mm)	Counts
0.0	85.0
0.2	95.0
0.4	110.0
0.6	92.0
0.8	101.0
1.0	116.0
1.2	116.0
1.4	107.0
1.6	126.0
1.8	131.0
2.0	133.0
2.2	115.0
2.4	130.0
2.6	174.0
2.8	225.0
3.0	299.0
3.2	334.0
3.4	381.0
3.6	454.0
3.8	452.0
4.0	422.0
4.2	376.0
4.4	299.0
4.6	271.0
4.8	209.0
5.0	185.0
5.2	151.0
5.4	120.0
5.6	147.0
5.8	154.0
6.0	132.0
6.2	124.0
6.4	142.0
6.6	110.0
6.8	121.0
7.0	144.0
7.2	119.0
7.4	139.0
7.6	119.0
7.8	126.0
8.0	148.0
8.2	136.0
8.4	121.0
8.6	136.0
8.8	141.0
9.0	158.0
9.2	139.0
9.4	140.0
9.6	141.0
9.8	142.0
10.0	124.0
10.2	135.0
10.4	129.0
10.6	142.0
10.8	114.0
11.0	115.0
11.2	146.0
11.4	148.0
11.6	153.0
11.8	157.0
12.0	155.0
12.2	166.0
12.4	201.0
12.6	268.0
12.8	309.0
13.0	376.0
13.2	413.0
13.4	447.0
13.6	446.0
13.8	410.0
14.0	369.0
14.2	305.0
14.4	256.0
14.6	192.0
14.8	178.0
15.0	130.0
