Distance (mm)	Counts
0.0	30.0
0.2	29.0
0.4	25.0
0.6	34.0
0.8	27.0
1.0	24.0
1.2	27.0
1.4	47.0
1.6	36.0
1.8	41.0
2.0	57.0
2.2	54.0
2.4	65.0
2.6	67.0
2.8	72.0
3.0	77.0
3.2	89.0
3.4	103.0
3.6	131.0
3.8	141.0
4.0	199.0
4.2	294.0
4.4	338.0
4.6	508.0
4.8	588.0
5.0	763.0
5.2	799.0
5.4	779.0
5.6	671.0
5.8	607.0
6.0	542.0
6.2	402.0
6.4	323.0
6.6	327.0
6.8	287.0
7.0	302.0
7.2	353.0
7.4	425.0
7.6	621.0
7.8	666.0
8.0	761.0
8.2	780.0
8.4	808.0
8.6	685.0
8.8	545.0
9.0	381.0
9.2	254.0
9.4	203.0
9.6	189.0
9.8	149.0
10.0	119.0
10.2	96.0
10.4	105.0
10.6	83.0
10.8	74.0
11.0	62.0
11.2	52.0
11.4	47.0
11.6	48.0
11.8	51.0
12.0	37.0
12.2	38.0
12.4	34.0
12.6	33.0
12.8	30.0
13.0	19.0
13.2	27.0
13.4	26.0
13.6	20.0
13.8	22.0
14.0	19.0
14.2	19.0
14.4	14.0
14.6	20.0
14.8	15.0
15.0	20.0
